-267
-499
-458
-123
315
-127
238
-414
316
-314
-297
355
358
488
352
380
-169
499
-360
112
-199
-243
497
-69
-246
-134
-64
133
-281
-339
-214
442
-356
-48
-380
-224
65
440
267
-410
-485
-167
158
83
-443
-273
206
172
247
366
202
138
-61
-80
-223
408
-469
76
184
482
-293
175
-231
467
238
-61
461
184
5
-221
123
428
107
-423
-138
290
425
138
-52
-46
177
-78
-268
350
368
249
-209
99
96
-86
-167
382
-94
-412
-25
-76
-469
-30
-37
365
-239
-452
-177
57
-461
94
416
451
-118
421
57
211
327
-175
153
65
-61
372
-275
36
389
371
279
82
474
312
379
427
80
365
-35
23
311
160
-299
-81
256
-70
10
-122
-4
-35
216
-268
291
-42
-245
399
103
-416
264
-342
-381
-297
156
386
340
-178
-271
-446
67
471
-99
405
-454
-218
369
402
-465
153
192
-427
-88
367
-264
258
117
-261
-359
372
-52
-140
-90
169
410
371
-493
115
71
304
-367
-137
-377
338
343
463
-322
-329
-388
314
364
478
183
85
343
-26
353
441
-165
317
90
216
230
319
448
373
-338
-251
-190
-383
-461
20
234
-155
332
-326
-324
385
-4
70
-96
-42
446
217
-180
-5
-41
473
-443
-460
-239
117
-324
462
127
-461
-415
302
342
-232
-207
-395
-15
-243
182
20
-74
-190
-106
-166
196
-434
344
-341
250
-309
170
74
335
-157
314
392
-60
-172
-256
-313
-470
-53
103
-77
477
-283
-405
140
226
169
64
375
-249
274
19
491
132
-259
-341
-478
36
234
147
-69
-260
269
132
120
-142
153
207
-490
195
49
-10
347
-116
-361
-60
-341
306
-321
-377
-247
-144
-479
327
45
-243
-273
212
-209
278
427
-54
-333
283
-244
-404
258
-149
-45
76
248
-326
465
51
171
-207
118
267
377
-212
314
-15
-405
149
-445
-108
379
-236
-474
-348
80
29
401
452
467
290
22
238
168
-325
-38
-147
188
-47
-76
329
7
61
-220
217
130
-288
-225
328
412
407
-28
11
120
-228
-12
357
-74
-402
358
-147
219
-123
249
-66
160
-17
-231
-1
374
97
270
87
154
79
398
-97
341
-433
1
290
-145
209
347
-267
-79
212
-246
421
472
-222
407
-22
-16
250
-84
-148
-408
-17
-11
-334
118
272
-135
-261
304
-252
143
491
-178
-242
-49
-485
-401
-185
179
36
343
-341
-157
243
426
372
368
-428
-418
-470
428
6
314
-319
240
-47
107
-133
126
459
-444
-500
217
-319
-479
120
375
-459
-261
142
-445
-351
-387
413
284
-100
-55
-382
401
-366
-430
-334
394
-482
200
-324
-212
94
281
-233
-411
285
499
-484
-273
-337
304
-354
-96
37
-255
310
-165
-498
298
256
399
433
-217
-13
474
-84
448
326
-337
101
342
-11
314
-452
472
-412
234
-495
184
437
-203
-337
-363
-382
-176
349
-57
232
-331
374
-167
244
-370
480
-377
-12
-463
-198
-389
234
75
-282
-184
-148
88
-449
76
431
34
-483
468
470
61
-156
-256
494
-265
45
312
-168
-357
-167
445
392
475
-380
-398
45
-124
258
-30
46
494
-445
160
-58
231
340
488
220
163
-149
362
58
442
257
-74
-366
-276
74
-446
-328
-433
-239
382
-4
142
-354
-486
248
474
-271
-254
145
-74
484
-67
463
-500
255
99
339
233
-140
492
-125
-102
246
456
113
0
-23
-377
-66
-341
-18
-319
300
-226
-6
165
-31
414
121
341
-96
111
340
100
171
-339
-155
-240
-208
176
-193
487
-153
483
390
-217
412
-294
-5
-392
-185
293
361
222
-5
-492
-101
401
-126
-200
-81
-16
439
449
202
469
-303
124
-94
205
16
-295
315
-452
-121
-54
-468
-266
-118
282
115
200
417
-190
-379
152
-250
404
-2
148
204
-277
-190
81
109
-354
-146
-362
399
-406
402
252
-351
498
357
283
-106
330
-383
344
93
-209
-367
-381
-318
-473
150
-126
-39
-175
-281
398
333
293
34
203
20
-251
206
-259
-285
4
440
484
-328
299
-57
-38
-140
149
-357
-77
-95
-79
-483
16
-168
-290
-36
273
-182
-426
19
-159
-160
79
-265
432
286
-272
40
-206
470
381
254
14
365
251
-136
-455
-171
20
458
-469
289
-426
442
-482
-341
-225
-396
-456
-166
448
349
256
289
-41
-341
141
217
204
-212
-203
206
318
151
16
116
479
-33
497
-213
-422
452
-172
245
381
-333
241
-4
-225
-302
481
-84
75
-8
478
-284
-441
-433
-464
63
-11
210
-296
-448
-460
298
497
-177
-445
-170
-435
-225
-492
176
-11
-7
-403
76
390
-498
410
89
-396
222
298
-58
333
-289
4
394
-237
78
-241
-92
-291
-168
476
499
-135
-35
389
-9
262
-416
-463
-310
31
-218
318
-439
-238
136
-356
-411
-262
85
-358
-205
-113
-164
-295
86
-241
-455
-350
-397
458
-15
8
-127
488
-436
279
-54
-143
-269
412
369
-488
-39
-103
-415
-237
-190
332
422
39
-81
-450
-312
321
155
-229
-42
-146
173
276
93
125
125
387
-414
-302
-211
344
-377
226
94
-179
35
241
-189
-309
29
199
-268
165
-233
-379
431
-220
398
99
273
98
-190
436
-478
-82
-346
143
-449
-249
327
-97
-133
277
-243
305
-110
398
-213
176
-299
-448
407
-284
-305
170
-155
240
-377
-10
-178
238
415
-428
-117
-130
49
-242
-73
261
-254
-97
478
298
-17
-270
-12
455
-445
-237
-354
86
-479
-481
413
-396
385
-183
-413
68
189
112
-383
176
-369
-87
-184
-67
-115
-353
-75
40
282
-481
-158
-19
461
-248
205
-392
385
-17
-208
-421
-424
295
348
478
249
466
395
-67
251
-442
61
237
-481
-21
-403
-185
-490
-484
-15
150
-495
359
263
-344
205
482
-151
-11
59
15
447
-181
271
-462
206
-323
151
344
250
327
447
-410
401
262
-485
-151
23
358
-173
44
-400
467
152
202
232
-312
151
327
375
-244
-365
-73
498
-14
-460
-432
-78
464
-182
324
187
-250
439
64
136
-498
-212
202
-294
427
449
229
229
46
398
-466
78
141
481
-449
-295
127
288
369
-439
422
-497
-14
-147
-109
-323
455
-76
-339
-357
173
29
360
457
-176
140
-91
-447
18
278
478
-448
-307
194
253
-447
383
44
-40
392
-269
-75
490
-15
-224
119
-409
-119
-323
-352
-134
-111
80
392
172
203
74
-33
-314
-351
342
-198
443
190
-348
-255
474
-108
378
-156
-353
440
-479
459
379
-301
458
-71
-18
471
403
-401
-131
158
-283
58
-425
67
203
-140
-329
437
-263
-260
-35
-411
-203
136
-104
311
-36
-36
-198
-86
244
479
241
-265
345
296
260
-16
-333
255
-418
143
286
-421
-434
-203
142
-240
197
379
-101
251
-473
-61
285
-34
398
-421
445
216
292
437
-90
-194
-396
157
96
-91
39
403
-62
290
59
385
308
217
26
469
178
-397
-211
384
188
-449
24
214
77
280
219
23
103
248
-187
-39
448
-203
-414
176
-31
-191
-367
-210
43
105
49
-234
-355
-1
90
-303
480
462
190
-3
-329
275
39
-135
-226
-20
371
-397
-10
-392
-190
-263
-404
-29
-432
-101
40
455
-338
-20
-169
-433
412
-216
-273
-159
238
-252
-123
-81
-115
-326
-458
172
365
-202
183
-261
216
-370
129
-159
-102
-149
-60
361
226
-374
29
270
-467
-414
-427
-220
-490
-66
334
491
-268
271
-333
-485
303
-349
-112
2
338
-211
-82
263
462
40
455
264
210
155
347
383
341
-104
368
199
-150
464
-341
327
177
208
351
111
162
144
147
-126
-2
-45
-1
442
-79
-442
40
-347
206
134
-288
-326
-378
447
393
476
14
334
86
-284
350
-168
244
-415
-2
-105
327
165
124
-252
-199
-51
343
-94
-114
-434
-403
-308
-328
-53
3
-292
420
136
-450
260
8
-361
19
187
-267
-350
-229
24
-27
-42
-404
245
-119
-476
-36
-103
-152
15
-492
45
-371
116
-377
-310
-201
211
204
29
275
111
-451
3
-460
463
-321
-67
-347
-40
160
186
-49
93
-30
-27
196
342
62
-469
-156
390
-338
-28
-100
309
-435
23
316
121
37
126
-370
-359
47
-35
-201
-483
-90
296
-108
26
-173
-8
-414
245
-234
198
-393
491
-52
313
373
478
158
102
-229
58
437
-108
300
-249
-370
368
-140
-494
-424
-242
52
-288
344
-427
-339
-8
459
-73
-66
333
152
297
435
224
406
293
478
-399
3
289
-248
-388
-238
-409
-198
-484
-375
217
-27
294
-408
-402
460
62
-246
488
-338
264
245
61
412
202
-381
54
-417
191
437
-281
85
-145
-403
161
-28
-423
289
-183
-365
-246
-379
44
-289
363
-184
-391
-128
-170
151
181
-293
196
-166
49
28
406
-355
87
-158
-320
230
-440
-337
-315
-255
-278
-39
-148
363
319
320
324
401
397
493
418
151
-244
-94
226
-80
185
-399
447
442
-44
-310
406
464
-436
160
247
420
372
-430
-169
-430
464
375
-161
65
450
260
-121
-333
-56
360
-365
-195
-18
-498
367
77
-398
137
-303
-380
202
278
-464
278
-404
37
27
-348
402
453
-286
-435
-423
39
-5
12
377
-82
-477
-46
382
-73
-438
-79
-227
248
-8
446
376
-282
-60
-205
388
458
-156
-396
-271
85
-19
321
35
414
-112
-331
-16
-398
183
-480
454
394
307
-347
-188
-42
453
421
-467
345
-458
412
337
-14
296
329
-343
-358
486
-346
-210
15
-191
-311
-419
-424
357
-164
-457
178
-111
244
273
-428
275
-85
-231
-172
390
-19
422
211
-249
41
-18
-498
-259
22
335
-53
-202
-234
441
-6
17
-340
-77
-230
-345
337
-82
167
-324
39
-330
-304
-252
-138
-179
86
327
190
83
495
-82
-477
480
475
472
-440
227
-459
194
-405
-170
-134
-437
322
347
393
171
197
-50
288
167
-152
438
207
-271
-73
-93
341
-457
-188
169
130
-247
63
-110
71
-41
-430
469
398
-128
24
438
-426
-348
-237
-325
-6
-100
-52
180
242
45
-472
-473
-436
-90
-378
205
488
-366
140
-156
99
414
-358
464
443
210
-148
178
-224
-145
285
-258
-118
-325
-55
-468
314
257
262
-149
192
-269
-340
-406
-84
79
-151
220
161
-457
-496
114
431
-444
-324
-62
33
18
429
65
405
-36
459
60
285
160
-116
-353
85
-360
-455
-22
-498
102
268
-401
-369
-270
164
9
119
120
122
194
-384
217
489
88
241
393
-336
-147
-19
240
-358
497
203
14
356
197
-419
234
23
52
400
407
336
418
259
-119
-333
-198
148
-390
382
37
-192
435
170
-439
-479
273
-134
125
-239
263
-90
432
144
-367
-471
222
279
190
-96
-73
-52
448
-71
120
297
-120
-291
-459
273
273
-160
-9
21
321
-303
-321
-246
451
-239
-295
167
-88
-153
-375
-432
-257
341
-98
300
-122
-148
-281
-411
-188
-152
174
-392
-246
345
239
169
-351
379
274
-96
169
-49
-359
37
-406
-315
-418
-224
212
439
-23
-449
-342
-309
-15
-338
-145
74
-38
310
-304
-190
-325
-203
-265
81
488
64
354
-39
66
-436
-242
383
-247
-452
-307
-67
315
-385
434
-406
-378
-380
166
416
-62
-229
315
-140
124
470
345
-108
71
321
408
160
-238
335
286
218
-401
-286
-128
-131
-326
328
-268
390
89
375
235
-172
-317
212
61
354
109
-479
-113
-414
391
-226
461
270
-487
16
451
79
196
-328
-86
110
132
-53
-297
149
-132
59
466
-194
-472
283
-256
170
116
86
-463
-80
344
386
-378
-134
-167
155
-160
-436
-72
362
185
491
-18
-444
-28
189
24
-346
387
-421
-201
360
416
-19
299
35
-55
390
-45
213
-334
451
-334
273
-345
-392
-132
240
8
83
-268
-40
-475
-381
192
-494
-25
-450
168
163
-336
321
382
-156
470
370
-466
-497
56
270
253
421
332
122
28
300
26
365
251
170
-399
-217
235
-277
-229
-105
412
171
-310
372
125
-467
-152
202
291
-130
-480
343
328
-185
-76
-139
153
404
-366
-56
-84
218
134
-124
70
-25
-358
-413
-118
-249
-205
-191
-409
80
190
-285
-66
439
357
-354
-35
-307
237
-222
-37
-117
399
-294
-200
-323
193
-350
-355
-379
343
-143
173
271
65
-445
-5
210
-60
-101
-311
34
-121
32
-32
40
243
-236
408
380
-404
363
84
-79
144
-449
181
-176
-141
220
-186
187
133
-211
-211
338
39
10
467
-408
-216
65
480
245
-131
440
-480
-220
450
-294
229
392
-271
-476
157
-216
-261
107
172
-101
-135
377
-94
-467
-317
411
-269
-220
178
292
43
44
83
328
409
-306
206
-433
-500
-101
344
365
-218
-169
284
212
121
-37
129
-363
-447
47
-297
470
308
3
37
49
161
341
-117
97
-387
-373
284
371
61
459
-178
128
-84
49
-141
181
-395
107
-112
-294
344
301
-182
-12
120
-161
-83
236
-497
41
328
96
470
-156
-171
-206
-381
220
433
-316
-414
-492
21
-184
21
189
-111
-220
-149
364
62
282
-151
304
-362
176
-279
-128
310
-461
473
274
277
490
115
7
-320
319
-117
-358
87
-189
-163
-399
-234
-352
-315
-297
-121
1
464
401
-265
262
-486
39
275
481
-88
235
371
122
-57
434
132
-191
91
309
455
-487
-107
-466
-351
236
197
-163
-292
-306
-44
321
489
342
128
455
-176
194
5
-324
-413
-119
-309
-353
-498
-66
102
-337
105
497
201
376
-452
369
343
-386
195
309
61
-106
199
365
-62
364
273
256
268
198
-136
460
17
-197
-279
-83
200
-359
230
-286
-1
200
335
-176
295
436
73
217
-480
-175
133
-385
81
316
413
-338
-170
220
-284
293
-461
-27
482
-163
-482
-95
-348
272
-332
19
453
-6
-102
-62
-142
481
-65
-374
-222
-321
44
84
-148
401
260
486
39
283
-459
344
-183
-155
184
-86
-59
191
-406
13
-446
-472
-48
-270
343
-168
-156
93
-157
478
-401
-204
434
-445
-145
-368
-356
-265
-46
-91
-482
118
15
304
440
343
-80
-180
-290
167
-429
180
-322
-364
-420
-137
373
-142
190
-236
211
-414
488
-271
-310
-442
-406
295
404
269
16
-70
-287
-285
-293
198
-444
-493
-401
-221
208
44
19
-268
-198
-315
-92
-298
-382
-229
103
-57
425
-196
-157
-91
399
75
-76
205
-394
-81
-194
178
-80
275
-425
304
-417
-222
369
-401
-269
443
413
106
-321
-336
180
-433
155
80
-139
-19
-107
-70
-305
188
-458
-138
475
-75
332
-254
-495
371
390
-117
269
219
315
235
454
54
-118
-350
142
-419
382
-488
-255
470
298
-149
-127
91
459
-110
141
-153
-465
-399
23
155
-344
328
352
5
-37
-497
-325
-172
238
-52
52
202
152
148
-459
-120
-411
182
-136
-401
90
-120
439
-498
324
52
-131
406
-168
378
-287
492
-187
170
234
-364
90
-376
154
57
-357
-257
-333
-156
-227
-408
16
102
-214
-44
-52
434
174
394
434
-405
-226
-246
-72
211
444
-266
-321
389
-284
143
-325
381
-286
194
221
-384
226
-453
410
332
-119
122
-368
461
474
-78
-442
-107
-339
460
397
-252
-452
281
149
245
279
285
-353
51
481
-59
-277
86
-42
-403
425
181
-69
200
438
109
-289
-285
-132
-293
-231
-333
-251
266
-91
284
161
429
48
-459
321
60
14
100
-277
21
6
27
248
-312
-91
-45
-63
355
-269
302
-431
-334
-322
97
236
165
164
-387
-290
396
-126
-46
452
-339
80
-49
-194
126
-421
-495
207
294
-5
-282
208
328
1
-130
-120
-344
347
376
-300
158
-460
453
61
441
-351
-87
-463
221
14
343
326
-201
477
378
221
308
-79
143
377
476
29
445
234
-480
334
-421
-59
239
197
-189
-463
-262
-183
96
-79
-204
-393
-296
-405
-391
88
-13
175
68
347
419
370
351
-149
6
-456
370
106
-16
44
-69
-304
-209
-431
366
-387
-159
136
-329
356
-102
231
261
54
-418
395
-78
162
-166
339
-375
-217
-8
320
-341
-146
164
241
-462
495
-167
-121
452
328
-417
81
-308
-9
424
-377
389
399
262
278
419
-136
371
-103
-483
-131
434
-219
264
-435
0
59
-36
-250
-100
-139
-137
-267
-473
-188
-230
321
-207
-38
-102
184
365
361
189
-127
164
-18
-357
-300
161
19
-127
68
327
-411
293
198
-347
-375
-217
-274
-383
-377
233
390
-53
-146
54
349
-462
185
274
-118
-230
331
383
-497
-252
283
-380
-140
140
-289
-239
-189
354
455
-216
-496
-53
103
-488
-478
-428
493
-416
49
447
-251
209
144
-258
-351
495
-317
-420
293
-95
425
111
-365
-320
-377
-253
155
-476
370
-317
-425
-148
456
-367
155
253
241
-495
-343
-6
101
-328
210
108
-496
-268
86
24
-33
148
215
315
-240
415
108
320
274
-387
-381
456
282
-42
-50
207
-409
-452
337
197
-294
57
47
452
-309
-27
-186
-71
-106
-394
-416
-473
-263
-113
-105
334
-177
344
-71
-287
378
-33
-497
111
89
239
-467
230
179
301
-447
361
206
-340
-332
307
-139
-118
93
43
-391
25
59
-398
404
394
-227
-441
222
-72
-4
12
-358
286
-217
479
361
-141
-103
353
-198
-411
-183
-466
-74
-264
-61
-259
337
248
-280
160
-445
33
-208
-279
326
433
-383
310
407
-169
36
-409
353
254
174
341
365
-63
188
319
-275
-117
338
134
-25
399
-490
-201
4
-241
-438
-148
80
198
366
-109
234
387
-278
-434
-146
388
-200
-450
-22
479
-133
-331
60
323
259
446
499
-287
-340
36
325
428
-194
49
323
-115
-42
193
415
149
-138
-415
-233
-140
287
290
381
-358
-485
178
-412
-277
385
229
-145
-101
-322
236
-113
118
-396
-77
336
-74
-2
374
-477
463
-376
80
451
-169
-181
-147
-222
439
-247
-344
-177
-315
-278
-349
-375
48
-269
429
465
303
-109
229
281
-500
-385
89
-467
319
388
341
-253
46
442
430
-365
73
105
489
378
151
172
401
281
346
245
-179
42
447
19
379
-341
-70
-254
317
-46
427
-379
189
-109
35
-216
-41
-292
-225
403
-73
348
-483
144
-180
291
435
-250
-434
-78
-28
313
-387
-345
458
-473
-345
493
-186
316
254
408
133
-67
447
-219
322
340
-113
-132
-417
93
209
-249
-34
376
-460
-394
-79
71
-44
-357
290
479
-439
107
-126
212
343
-211
-266
124
31
-144
497
317
439
450
-444
75
-152
258
-339
-470
205
17
188
-82
57
364
465
-90
307
-450
-123
47
-450
213
-166
185
252
-363
469
-319
-322
78
108
178
-6
-77
65
-256
240
371
189
-204
314
-488
-122
161
-484
-183
-34
-469
82
-391
28
387
-112
-481
-118
-292
127
-148
351
82
-44
-68
202
34
305
-437
82
478
220
-255
301
192
278
481
266
209
1
328
408
136
457
-54
226
95
-448
-462
292
301
152
246
219
444
-125
311
-228
31
370
-71
-414
7
-314
59
-388
495
-283
-110
486
453
251
-302
-229
-90
-52
-106
-28
60
431
167
-38
300
-327
57
-167
375
-240
365
5
-47
-231
-484
494
408
222
25
-347
-457
-400
-35
-374
146
-259
28
-150
-98
-176
383
-335
344
208
-246
-363
-195
-405
-118
255
76
-2
-458
-86
-290
42
-490
-165
366
379
-186
314
426
472
-456
-450
-86
329
-173
469
198
295
39
-373
59
87
56
338
-467
403
-259
376
-128
-479
-329
200
460
-415
464
-311
25
24
-135
213
-359
274
-110
460
249
-81
-433
-332
400
-393
-500
-389
419
-152
191
446
-348
477
-232
323
188
169
9
-246
-177
83
340
421
-281
-258
-473
31
210
219
-234
90
37
-268
412
-179
490
88
-449
102
-145
424
-65
403
12
-488
-80
-16
-100
-470
-355
248
167
344
-461
-445
-73
-426
363
19
-70
-188
426
239
-173
-129
-155
79
-163
243
-228
-154
-167
366
470
-150
449
-351
-468
-178
-21
204
-161
-85
54
353
-349
160
-347
413
266
209
-298
332
49
-254
413
320
-48
-198
345
-135
212
-78
228
186
28
-275
-477
-12
440
177
-290
263
-432
294
-229
473
10
114
50
-186
-1
-156
112
181
291
417
-199
-425
-357
151
102
-384
-459
-43
124
445
-394
412
-238
133
-164
-181
444
331
-10
168
423
267
125
381
115
140
337
365
58
69
373
-383
80
17
-59
283
-12
-359
-350
31
-465
374
-31
-188
-145
356
403
-51
-111
-269
228
-118
280
462
85
378
369
398
-87
-225
211
441
282
-495
-165
-436
345
483
359
-103
-10
53
85
40
239
170
-306
159
-415
-129
183
455
-428
55
-361
177
-325
-442
-315
-393
-90
-35
233
-400
-126
49
253
214
-261
95
-112
-281
-411
330
-245
-264
145
382
403
-334
285
-202
77
330
-382
-173
-63
-299
275
113
-33
-97
225
138
284
314
264
401
-2
252
324
420
388
-316
306
-269
71
-279
258
377
-393
-70
-184
379
-347
-359
-460
91
321
-363
-279
-77
-494
370
-138
241
429
-200
187
441
59
237
-299
269
42
-11
340
367
148
319
-33
-188
-492
202
42
276
-339
-90
-200
358
404
484
310
-20
239
473
-38
-115
110
470
-144
-373
292
-213
274
375
308
-237
198
426
-7
37
-248
85
113
305
-32
-187
7
2
-339
317
403
-124
-336
26
184
-31
-345
-52
487
-301
-467
368
8
245
198
-457
162
-16
280
-138
63
109
468
-499
210
271
-231
414
-236
-487
173
391
-455
-444
349
-122
146
-373
419
497
402
395
12
-335
-151
268
18
3
383
150
364
96
355
-443
-6
46
-296
475
37
-318
383
31
126
464
398
262
464
-412
176
90
-220
-80
259
-218
-332
-378
-196
-389
398
74
-256
-91
-312
407
-336
-24
-257
-40
408
-351
-112
-206
184
-367
-139
423
-28
311
259
-61
-428
-68
-358
180
372
-242
212
343
-197
-255
-88
320
-270
-401
187
-120
-42
-388
-182
283
277
-124
-362
353
234
105
259
-373
13
469
458
-228
347
390
265
-107
394
458
-324
-335
425
2
-344
-154
190
-161
24
197
-404
-165
-316
-490
-34
346
-496
-386
429
-195
-110
-307
497
140
475
-311
-28
-129
-464
-449
2
-233
-155
451
308
408
485
-210
420
148
215
-183
311
463
120
-137
-412
-56
-334
-122
-110
-54
-221
-4
89
339
-212
86
-397
116
-409
171
201
-235
487
-253
-90
481
-374
-433
-376
381
-55
-179
398
-82
-321
38
-279
35
215
-326
252
-141
-429
-61
82
281
184
345
-490
-145
8
114
-220
391
263
-282
-432
-202
416
-498
416
-12
-404
-267
405
-152
-81
455
211
224
461
198
-472
-493
-94
248
-343
-36
491
-96
-275
-245
224
268
-137
-160
281
112
120
-191
-380
12
302
-332
-440
-85
-97
-229
-91
-96
187
90
421
-74
88
-349
-178
105
-357
36
333
18
83
-257
-191
497
419
410
130
167
457
241
427
85
-426
-141
-183
324
-416
-77
-58
-247
279
-308
492
-224
479
-423
-135
266
-300
-155
255
430
246
247
372
296
178
169
-460
-346
-16
97
-297
399
288
-145
197
-141
341
362
-479
225
139
-235
76
-70
-222
34
-490
98
367
-199
36
-136
-138
-397
67
238
178
-385
-235
196
-128
316
483
429
-89
349
-216
-484
134
-325
482
-15
-462
201
-331
-463
-399
460
20
-348
-275
122
71
-202
83
-67
-360
-393
288
72
446
402
497
-26
-192
-79
458
-417
173
-285
150
442
484
404
-226
379
-312
427
416
-242
240
259
366
284
94
-83
-478
400
-441
486
269
467
-136
333
491
-122
486
247
-54
410
-330
315
216
-69
-407
102
287
122
-22
269
147
265
410
398
481
356
435
303
320
-57
-354
157
-103
-452
448
264
315
479
-126
-432
-325
-394
78
-372
-226
132
358
-282
-253
76
280
-496
-429
246
-12
-152
-78
-124
-117
-433
-243
156
369
-316
414
326
208
451
417
-5
-109
100
202
-277
204
13
428
109
-434
-247
138
300
155
-359
295
-232
319
51
392
-451
23
-360
-55
427
38
-364
-87
209
319
-388
269
-396
-158
-255
299
68
263
-269
-153
18
23
-250
433
-148
245
244
-263
376
399
-149
-476
114
-119
-42
-472
319
-302
-289
215
-42
251
-382
364
321
-208
-341
-154
-261
243
-34
80
-160
174
-27
247
-287
128
293
-153
-7
383
45
117
18
-8
-231
-22
-437
-138
342
-453
334
-294
-49
-447
166
-7
120
-194
354
-46
466
-173
-20
327
-94
-217
247
43
-191
9
21
-296
-247
-255
334
-400
307
317
273
16
249
-182
-135
-426
-65
-8
440
-3
-204
429
127
-425
-355
-329
-169
482
-219
52
-250
-477
-424
198
-188
-97
258
256
-254
-111
375
-445
-183
-335
-139
-49
190
119
-8
-285
-145
191
-142
-266
9
-186
-250
-112
-467
-69
315
-469
-117
-348
-419
-316
184
-142
13
-90
201
462
285
-428
419
310
-229
-399
-259
372
-46
16
245
-420
-385
347
135
96
237
257
-490
-361
340
25
243
-329
-497
221
52
-21
-415
339
486
-496
339
-347
102
469
353
-456
189
93
-473
-404
390
253
434
6
-152
-210
380
362
249
-24
-78
301
159
-132
417
296
-114
233
-296
115
413
416
432
-235
350
11
49
-357
-317
475
-471
-18
-365
398
-453
-488
-207
25
477
171
-272
337
-60
24
-205
-219
-54
-21
392
390
430
-119
-169
-297
227
-59
205
219
199
450
49
-35
440
94
38
-193
346
420
101
127
-245
58
-415
282
-218
-248
-146
169
-482
163
37
32
-100
217
-478
-171
-408
457
-233
156
168
397
98
377
-376
208
-275
274
230
-438
-226
-350
-443
7
338
57
-322
216
-3
-433
-185
-240
154
-126
222
247
410
443
-208
-7
382
-289
423
-92
-371
-274
423
-307
-17
113
259
-366
-483
362
168
118
-258
312
-282
-312
300
-479
-261
118
324
313
390
-236
-234
-315
-445
147
176
-220
-9
324
-13
192
125
-60
-245
45
-250
299
402
42
170
-386
-73
184
477
-374
-436
-89
207
-132
-186
281
-450
-304
247
-104
-324
-36
396
-2
268
497
-183
65
-261
-58
-180
77
250
154
190
221
-284
-453
403
461
-446
154
-77
187
-256
-268
-123
-260
172
263
126
-13
241
328
74
123
230
264
325
-265
-482
-129
98
350
163
31
145
371
-282
333
132
-225
427
-164
158
491
292
297
77
-440
-330
336
-383
-246
218
-296
20
326
-388
-83
-154
-303
-168
-142
-476
-65
387
93
152
-474
-479
348
61
-179
-219
-448
224
-181
-394
179
353
394
-83
-321
-464
280
-173
10
465
332
203
362
304
-70
472
69
55
494
-426
227
-111
432
-104
-435
48
258
93
-61
-405
-148
111
-286
-162
68
416
-258
-471
-349
-35
-321
-189
-499
356
-234
356
478
228
-211
-410
-420
255
273
221
376
488
255
-428
383
-281
481
-224
-149
423
334
92
-280
114
53
72
-168
117
452
497
116
-355
55
399
-3
142
51
267
451
37
-133
369
-222
0
-230
264
361
210
234
-5
-359
98
-127
210
297
267
421
74
-476
147
455
55
-488
448
-149
100
-306
-120
13
-110
-271
488
-129
-370
-209
-290
47
-210
-130
269
145
311
-159
474
-97
390
355
-319
-62
284
-42
-474
-136
76
277
-198
80
189
-35
249
220
-65
165
491
305
-430
289
-451
-208
-295
205
-410
-481
-325
398
392
-440
-395
-153
-267
134
-265
-255
168
-199
221
275
434
352
355
291
-112
117
-217
270
457
-278
79
52
274
144
398
104
312
-399
-349
-325
164
360
103
255
305
325
478
337
-236
228
288
339
126
80
307
181
-265
-65
419
-228
95
-381
111
429
73
-476
-402
-234
229
-86
-65
166
271
79
-135
-478
-465
232
473
37
311
-267
358
49
375
-25
377
-88
40
-287
-467
337
308
483
140
135
-94
78
200
-341
405
151
-66
-138
272
9
302
-166
247
349
-86
252
-41
393
-397
103
-324
263
182
-382
36
495
-476
394
-303
-478
-10
169
-101
431
284
23
100
437
-74
-214
113
-477
293
-91
361
144
447
150
445
-148
410
401
211
-167
46
-452
-14
-242
76
-189
-163
444
-24
-204
-417
194
45
-362
-93
42
-227
-182
-408
-441
-136
80
189
-15
-34
-253
-323
-402
481
102
244
409
238
300
163
-93
-497
386
52
-185
38
-467
-219
-378
126
46
350
-442
402
-308
-290
-122
-78
37
124
39
67
4
390
-149
-150
-266
-332
17
-463
365
-115
263
-401
384
490
60
425
491
190
115
-278
16
-443
471
-201
203
76
-456
-324
-371
200
-37
25
179
332
-423
84
-184
-21
-367
333
-17
210
-451
281
-482
252
414
-18
250
-381
-157
146
-315
355
101
-437
-141
100
-122
-323
229
137
310
276
-313
-103
464
103
266
252
431
-75
334
431
-151
-117
-331
-98
172
-363
-164
267
432
66
-337
-196
-327
54
109
-458
226
268
-228
291
-470
-291
-147
211
-445
474
327
39
-31
415
188
89
-367
-410
27
-391
29
158
55
147
-69
376
-484
-13
-325
98
316
-456
-356
55
167
-194
-500
-311
-259
444
477
-171
-445
27
361
-48
-277
265
-329
-98
469
366
184
-239
-441
-294
-182
-144
351
-208
-492
37
-160
-159
-320
260
-340
-155
428
-478
155
-232
-218
-218
203
349
-473
-339
-272
100
-166
-462
88
412
479
-278
-212
83
-307
35
-284
136
393
282
174
318
-467
174
-389
-18
-265
386
-120
-29
167
496
-377
-133
-231
-19
-462
467
-111
-375
285
-83
-474
-91
-162
159
251
-147
-398
76
-162
386
93
330
-237
329
-332
300
80
-405
106
-422
-355
148
-312
-184
249
-164
288
-290
-36
-189
46
-276
404
-41
-351
-472
212
-52
-304
212
404
-428
297
-196
-148
118
394
349
-436
-350
-437
-3
195
-145
92
-495
285
-23
442
429
110
-315
31
168
-93
131
1
134
-132
-61
-299
376
248
346
273
-483
-43
402
236
154
-433
344
274
65
-430
-470
-1
-244
280
437
-18
-53
-103
-454
-325
291
-151
167
-323
363
-413
-86
-423
-154
70
-250
68
155
353
256
458
-372
305
263
292
74
-116
-22
-484
-115
-68
-40
-186
112
-436
-248
107
-402
183
149
341
410
226
-278
-479
-212
-494
170
-290
-455
-88
179
303
389
165
-355
-220
272
9
-115
-188
443
463
-86
-340
23
-194
-372
-335
-403
-46
480
-79
339
-77
-492
-493
-250
269
356
497
177
-472
-86
470
113
361
-240
-30
230
86
19
-210
-194
-489
4
85
78
-218
-354
-286
314
189
-320
474
289
-266
-362
-130
-181
449
-209
-366
-410
37
444
-362
343
366
221
346
474
257
315
-308
-103
-446
-4
193
-457
-216
67
177
-220
117
-419
20
363
-296
-173
-54
-190
483
276
173
169
-78
-181
376
159
173
-90
-461
209
-210
-277
-369
56
-170
303
-268
275
232
-191
154
-406
-5
-83
384
-264
-476
-291
-270
-497
-260
311
-32
-182
137
379
-261
464
-495
-129
-280
-383
-38
-314
362
361
40
-69
-295
77
-218
296
-124
278
59
355
299
-476
-103
27
-350
30
253
118
90
-238
-121
-312
-154
-176
-188
-351
-298
331
403
179
242
338
-499
-104
9
183
-213
-242
252
-331
-76
-142
-133
-160
-396
-91
-409
456
-136
-495
-425
-359
97
155
383
-75
112
159
173
-62
277
424
204
62
325
-35
-320
-353
181
-50
-494
-126
312
-295
366
-27
-12
-306
19
-462
399
-152
32
-387
-233
-439
382
440
-163
-362
-168
-289
-255
375
-243
255
-154
41
78
111
175
352
215
377
-201
-478
76
274
-351
-427
-248
395
-457
-148
335
-474
-294
41
-108
-38
110
417
-397
-343
205
373
-186
101
113
117
-208
-445
-286
-349
379
-396
-243
-121
-231
365
360
-99
-147
-227
-76
-138
-141
-483
-451
-208
280
78
424
433
-250
-212
103
-297
235
457
-18
90
-340
-365
128
15
-353
8
396
-40
-315
-238
12
-210
-317
-289
-487
-324
455
54
-473
-452
316
475
-223
-490
-233
221
-175
-84
-452
161
405
-224
376
-33
481
-51
75
90
-213
-248
-422
-49
21
-214
-381
366
208
-471
-65
-36
283
-440
-159
84
-106
390
382
-123
191
-168
46
-227
277
442
-345
14
-309
78
161
120
156
-28
-353
274
-474
-372
-227
-98
-246
390
-291
288
-183
194
-180
423
338
223
92
-342
478
-87
277
320
138
89
446
-384
-322
395
321
-445
-208
228
92
274
183
408
-244
-326
-5
6
-327
-452
277
-218
328
145
287
320
316
497
294
-246
119
-209
172
-490
251
159
-9
398
147
123
30
133
93
-338
234
197
376
-3
339
174
44
-33
-360
-137
432
408
200
491
126
-247
-205
44
293
-442
4
445
-98
-459
161
-198
-48
-420
103
25
352
-67
179
467
293
219
237
184
-195
478
397
32
306
-60
-317
400
-216
174
-309
-447
65
-450
45
148
287
241
379
-257
36
158
474
249
-478
-75
338
-288
411
370
-115
316
291
-85
123
148
-112
-481
483
196
452
-149
396
-244
-396
177
-115
319
-362
-323
-300
378
259
-49
52
-64
-412
-479
288
-214
-464
133
285
216
-274
460
-334
-66
-455
459
167
237
341
261
454
260
94
-418
447
148
-373
-5
-492
478
168
-62
-218
-43
374
348
-62
24
-366
136
54
-180
-451
410
-144
-428
-69
349
-280
266
-165
190
-196
-491
-441
385
-325
-23
-335
280
-1
484
-298
196
-158
-421
74
187
35
-188
-299
-262
263
130
-421
-325
-483
248
-239
-224
411
14
15
186
-17
232
-432
-152
215
138
213
233
354
-327
184
346
62
-235
-115
205
114
-41
297
363
95
-224
-300
-98
-306
-332
408
-31
222
203
-434
-476
-450
44
91
-385
-218
109
-241
341
35
-102
380
253
-223
-180
267
461
-13
-480
-290
-223
333
0
-387
484
141
-398
256
450
57
-340
194
136
437
30
-110
176
145
64
154
-87
-216
397
-289
-157
294
-437
402
408
151
284
-22
129
26
194
185
-329
54
437
3
-348
-400
-430
-280
-97
-40
464
-114
-155
-421
432
-239
206
313
134
296
-449
-13
-166
-379
181
-79
-171
187
-453
310
-436
-114
-500
168
-307
490
188
195
-168
281
254
337
88
-424
-166
-379
92
248
126
-367
-72
-213
11
119
69
131
-433
417
-64
301
-316
21
240
484
476
-78
346
-334
14
-29
-121
274
259
-244
-68
-106
142
366
-18
211
319
237
-266
-142
-146
189
-180
-388
386
-434
-428
-30
-124
117
-494
158
-383
-477
74
-79
-283
203
-493
313
173
-101
331
188
17
-495
497
-314
-400
52
-160
-93
374
19
-352
-25
98
-50
-413
85
308
67
61
-181
345
197
-28
-466
-488
342
-159
-99
491
26
-322
-492
-174
-16
221
54
302
276
-413
294
72
-210
351
-369
474
-424
452
423
-72
-360
24
-418
-371
-59
26
254
-316
131
-78
224
-487
244
18
150
146
-389
-496
-242
492
118
181
-406
412
-150
485
81
-361
-481
-491
-328
149
205
-163
-208
-78
299
245
309
-152
-113
402
-167
-352
120
111
404
109
-266
-90
154
-100
169
-73
131
472
47
352
106
49
159
172
329
-297
122
-299
487
415
209
60
-37
-36
-264
308
-498
241
494
-368
-458
440
217
242
-139
67
275
-434
439
446
402
198
-290
-454
383
-391
162
-87
-184
327
-206
-104
-443
-483
-60
292
470
-253
-494
39
469
373
-138
-98
68
150
-66
-417
-492
-268
-276
218
-357
-167
438
-214
-381
-160
4
325
-162
207
475
304
499
-89
361
186
-208
326
-112
407
-197
168
243
-228
137
-300
197
-273
-281
-459
-86
-64
13
124
-383
114
-60
371
-100
401
-391
-127
241
-408
189
-16
97
-283
-207
-157
409
399
-95
-311
190
418
177
-292
-238
341
-198
-177
351
-186
-433
263
-363
-486
-223
-195
24
-16
-130
-282
-174
35
371
84
-273
-103
326
340
-146
-470
372
-400
-149
-154
-155
162
-467
-482
446
441
-419
267
419
294
-9
-126
497
75
64
270
216
85
20
-91
104
-432
-23
156
-226
304
326
414
85
96
436
-229
-192
-102
447
-439
209
-321
99
-463
-250
-346
379
-440
70
-383
-466
-352
-230
-242
-135
197
356
228
170
-11
-261
314
-469
-121
343
-49
-58
-90
-422
206
213
-286
265
-125
161
-101
107
-404
457
-413
-54
47
424
-87
-474
444
491
152
239
-257
292
-386
-157
-282
-95
277
134
318
16
-424
-117
221
94
151
158
443
342
-83
439
-475
-52
-484
228
-388
-141
-418
405
-436
167
-242
-183
403
81
374
60
-444
-190
-264
-21
420
211
-348
-349
-328
-241
197
349
74
190
-64
-202
11
-160
-195
-357
-341
-37
256
-160
-58
-106
-131
-131
-265
136
-282
75
-318
-346
-71
-365
-231
140
-355
258
-487
-462
383
381
288
366
-413
-314
316
-218
-276
-257
421
-1
-275
46
323
-310
-205
-125
109
-353
-499
-441
-191
129
288
317
-58
174
274
482
-464
429
285
492
-187
-402
345
168
-297
240
-242
-289
-47
-341
223
-447
307
-436
-128
-34
-99
-455
459
-177
-298
48
183
-299
95
36
-205
161
-128
-342
116
-2
-416
-299
483
82
-118
-42
395
-396
472
434
-300
-444
-315
461
-115
-499
-225
118
-5
100
308
335
-430
-186
-487
-113
-295
-388
-55
-220
394
-415
247
12
397
219
32
-290
451
-28
-232
-378
369
-371
121
-297
193
-13
236
-209
189
277
251
6
-381
34
208
109
-182
-200
150
453
-483
-437
328
290
-55
226
-159
-360
-156
103
483
105
200
-358
-58
-266
-264
-325
246
-305
-281
-29
-412
371
-453
443
489
383
-93
94
-183
-358
-48
68
-197
-162
353
165
-67
-395
-275
-319
176
177
387
367
31
-452
290
-261
-285
-288
-298
132
-451
-297
-324
-354
-157
-59
-210
-177
-44
-174
-104
-39
-148
-233
235
227
127
-82
156
-147
127
115
-66
61
234
-411
-134
-287
-152
-105
-454
-199
-350
281
-355
-343
-144
-54
495
13
411
397
274
254
-28
15
-347
242
477
474
423
-346
-465
312
346
-159
-296
142
-38
-144
-202
26
-194
-495
75
190
455
-452
221
313
-283
-429
-494
469
-46
406
267
329
276
360
-385
452
-67
480
-4
480
-393
329
362
464
-93
-370
-132
-192
-238
17
-486
162
242
-298
222
-45
-471
-330
-362
60
13
275
-222
179
-451
420
459
72
-343
-260
134
-353
428
248
265
72
-37
360
276
368
-155
269
-449
47
-43
-429
-148
-404
-61
-266
14
-337
-236
-450
10
-264
462
-241
-449
-62
323
143
66
-61
170
-30
412
-38
-31
-48
457
-207
-440
318
-200
-395
-186
270
131
11
-163
-128
-379
-203
308
276
-155
143
-145
59
180
-131
472
0
171
58
67
428
-1
214
-106
27
32
485
-499
-375
91
-56
445
-232
-468
482
101
-287
296
434
-373
330
-346
226
-286
-391
-354
-350
229
-277
-393
-382
-36
-418
392
369
243
-349
167
-482
-433
-314
24
-450
-153
246
-34
466
-348
-460
-478
-465
353
-294
-239
488
-440
288
-362
133
45
-369
-470
235
-387
101
37
-136
491
-455
-436
-376
141
-402
-252
-232
-152
54
-439
-31
-332
-204
-202
-106
194
-265
490
307
8
27
-243
-305
172
-83
-138
-221
249
475
248
-172
-333
-205
-111
-99
335
464
320
-114
-91
373
-446
-295
-283
-459
244
-148
206
198
296
17
-9
-341
-123
-114
-489
407
318
283
-146
-8
-336
391
-209
-465
290
497
43
-338
67
-466
222
61
229
20
282
28
-353
498
-89
459
-436
89
320
-34
150
294
-182
-29
-246
142
64
-157
48
-457
-223
5
199
-390
209
-288
421
-24
-49
97
-360
-137
144
-307
77
232
175
2
-445
93
390
461
-320
278
384
-482
381
-239
425
325
-457
-160
-196
49
-257
362
-390
203
-263
153
38
262
-114
-114
-340
-87
270
-482
-143
-81
-249
168
-68
-363
169
86
184
167
475
-403
396
-433
493
398
13
23
-415
17
-249
180
477
74
-380
34
-440
81
-65
-254
-52
-215
-443
102
442
-67
336
-145
318
170
-425
-483
384
381
151
99
-348
454
-145
180
-402
-225
-32
350
61
-141
155
-127
84
-442
-340
-191
403
413
-438
396
-164
88
324
5
-10
-355
-396
101
356
-92
47
-90
480
314
-409
60
41
-491
234
-24
-427
-216
-366
-241
-215
-15
-440
162
219
-144
-230
-247
333
376
-142
-322
282
-433
255
205
-424
310
-112
-9
184
192
-465
198
-158
-247
-16
87
-286
-230
-313
216
183
107
-466
338
-407
-159
-487
473
327
-325
342
479
-201
-84
-352
187
353
37
-365
-216
313
411
-128
-111
-392
-219
-384
-176
-38
-137
371
-459
257
-413
-446
94
227
102
-53
-409
319
-449
283
-338
77
-200
484
44
-447
20
407
-38
62
-281
-338
58
64
-390
-399
-37
-416
192
-126
-462
379
194
-219
-391
459
280
42
107
19
-311
-465
-269
-134
-233
-423
60
-273
-479
153
256
466
-390
-471
146
208
-472
279
309
215
261
295
33
-135
312
50
312
-418
-131
262
350
118
-422
-297
479
193
-198
63
-19
-294
-90
128
-302
282
176
105
-398
-357
150
-16
242
349
311
-440
-103
497
-314
-466
-206
452
-278
227
387
64
-475
113
-372
160
73
319
-384
270
-102
380
-187
433
-500
122
450
-290
-68
79
214
-398
-241
-159
25
227
473
-253
70
-29
448
-169
-95
377
-415
-459
324
430
-467
-31
355
51
241
270
153
221
5
327
-373
414
-361
117
-4
-314
-74
-25
-161
-14
-27
-369
-20
-50
-165
95
245
255
79
443
205
-187
-328
318
-165
471
298
-208
-488
-239
-352
-107
-297
412
-98
463
-402
-45
-25
193
-152
187
422
342
417
277
421
277
-379
-55
-82
89
324
25
209
301
-303
255
56
-241
-309
-480
263
230
65
-225
464
401
-15
7
184
100
487
239
-288
399
81
-246
-266
-208
99
-302
-108
274
-459
64
10
-306
-171
432
-178
-331
-192
-341
-271
-409
335
97
263
360
310
-411
-195
-85
279
-428
113
412
193
12
-214
47
-384
-352
-137
109
-186
158
198
-319
175
-241
-324
-198
202
264
342
239
186
-145
88
-409
-190
-374
-157
-257
360
-28
-265
251
-93
124
-264
-66
119
226
351
-169
-261
-34
-444
-389
220
358
-323
-155
-383
-22
151
-491
193
342
-22
106
-141
-446
441
66
-397
-72
-63
175
422
-137
46
-489
-146
-44
-220
474
-252
-211
-443
-320
98
79
257
-160
367
290
-350
30
-287
-438
419
-213
281
-189
-423
-218
247
484
-172
349
-475
54
161
-297
-340
-253
294
-461
-163
354
-227
337
249
-353
93
-296
56
490
306
-311
100
-271
-261
-461
134
65
-134
-68
462
449
-476
342
332
-265
-359
260
-386
-400
-273
283
232
-364
311
-76
484
413
96
-121
278
173
-326
-146
350
-284
411
176
149
387
-1
320
-302
303
85
22
-329
-413
-470
142
-380
-287
-45
-372
-406
194
288
440
225
-330
141
-347
-208
-400
-481
-261
-378
205
-157
299
-66
-486
-292
172
21
-150
-499
-231
-271
-295
83
202
171
125
-71
471
-151
473
-492
-137
-4
-325
47
269
-229
484
335
-242
-249
128
261
-47
180
-83
-382
424
393
298
326
-349
-165
307
407
251
492
-420
390
-465
-47
112
47
-289
-160
52
-214
-339
-366
394
-36
344
480
-89
309
-396
208
262
484
-500
-66
171
449
-171
-121
119
181
-110
123
-423
490
-10
-120
119
-251
-109
-133
-281
98
-471
-103
230
-14
238
463
47
205
426
328
-8
-35
-311
370
164
-357
16
-418
125
121
-388
59
-147
-127
-287
-258
78
-84
433
77
446
455
106
-38
184
-349
422
230
-134
-4
-315
-334
-231
413
411
-303
149
339
473
242
17
424
428
-434
-232
-289
-429
-463
71
48
143
-58
425
-472
312
-183
-423
28
-194
144
-407
346
118
85
-489
-160
334
151
-73
-122
60
-87
337
-40
343
-132
218
-248
-246
-156
213
332
-500
0
-42
420
427
-81
-336
14
-323
-101
463
-183
-31
-110
61
490
180
-203
373
-461
215
-347
-425
351
-353
361
167
-257
472
167
193
-384
187
168
438
-327
361
-276
4
467
259
-267
142
-250
195
-302
92
104
-437
-334
-199
-366
-173
191
-353
412
73
-206
225
-147
352
-303
361
128
-396
59
358
223
283
485
-356
-289
29
72
183
238
232
472
312
438
75
236
267
-163
268
333
-462
313
-420
-128
-459
141
110
-434
-11
-273
-131
53
-152
-327
89
311
331
99
77
-430
-486
188
201
261
-265
73
-435
-458
463
363
-285
452
-464
-46
149
-457
-69
-435
154
-34
445
-115
-51
314
275
-196
-92
45
224
-410
-349
207
57
216
-54
-365
-42
-434
327
129
303
-302
471
147
131
-156
-367
-134
-88
-260
-342
380
103
-274
487
-380
247
276
-334
-239
-221
35
481
286
-350
-330
455
-280
169
-234
-290
-144
444
146
219
-61
-360
255
-312
62
-382
-382
256
-206
-109
-192
-168
286
-357
-461
-366
-340
-10
242
212
-196
385
-394
156
-500
-147
-459
54
137
-391
281
-254
-329
-53
-133
-194
-456
483
-489
481
-128
-86
-471
291
-35
465
160
5
474
449
210
403
406
-257
-330
-25
-336
-485
368
486
117
174
-312
-171
-329
-413
-329
183
459
106
345
-119
-118
449
-357
419
67
-169
315
-93
-113
-385
426
-283
270
233
-79
-166
-476
-398
64
169
425
-408
66
-466
470
-247
-335
-206
144
-464
417
232
154
-425
336
241
-227
-179
81
-340
-482
-253
232
66
132
165
132
185
-209
-94
-484
360
-260
-293
-419
242
-173
-482
243
-140
-482
-419
29
262
-247
-436
-300
-216
-345
211
-368
-274
264
-349
95
-308
101
-317
-404
-288
-26
179
277
-220
259
-467
229
-274
-268
218
347
-5
496
-214
170
-269
-429
-277
204
-428
-192
386
332
290
-40
55
-356
248
-256
-422
-165
79
-108
266
-206
-146
443
43
27
216
-52
-344
-145
171
-371
-473
374
179
227
112
441
115
269
359
263
-189
-296
425
64
86
388
485
443
-320
421
14
416
224
-313
238
-271
-40
366
-443
484
-390
351
407
127
213
-487
179
-33
191
122
-303
-228
365
-262
-28
84
301
196
-77
-276
-84
46
16
83
-195
-134
324
-175
-46
304
319
-363
-63
-376
433
-265
-33
-418
-379
192
-326
264
-207
32
359
-305
-113
-232
-201
-316
-252
-113
150
474
-287
-8
432
-19
-319
343
173
353
-452
61
-94
87
-408
-199
-247
281
-411
120
226
-371
319
-387
100
44
84
406
-454
50
-338
324
80
211
-334
181
11
402
408
132
101
141
209
449
242
-355
19
-467
393
238
4
169
229
202
-86
-458
77
140
350
298
-39
383
210
-64
328
366
-292
308
-138
223
427
-103
28
-419
34
417
456
75
470
254
-185
-328
-122
-140
-169
-84
-36
68
-101
58
-401
222
-469
-11
-224
329
285
-16
419
276
-164
18
-65
-360
327
-109
438
422
-276
407
-117
243
-12
153
207
-386
34
455
-401
-407
-213
-323
-283
348
292
405
466
233
64
202
428
-286
-254
98
496
-72
1
446
491
322
-87
-83
-195
452
401
-283
24
-294
333
-62
-32
-14
438
467
-405
326
-255
-59
-439
-269
114
-295
472
-225
31
208
-231
-413
300
-443
-399
375
245
421
7
-131
64
-403
-187
-128
-478
395
-433
380
146
-476
243
-389
71
-353
-457
-204
-482
362
-217
301
-448
-57
-329
292
-12
-356
-345
133
54
-391
332
-327
-182
-248
321
353
270
9
-54
-454
-420
-278
302
-187
-329
-61
354
208
-172
44
210
247
32
33
233
-438
-342
94
409
-270
497
-110
126
39
-339
248
305
329
163
-189
479
-72
334
90
-250
348
-16
488
-255
173
-353
-390
-345
450
-142
340
-215
367
462
-48
-160
168
363
-332
162
321
-345
-491
-315
321
408
26
-466
327
-148
-463
-250
298
-339
108
-442
-94
435
-26
445
-80
279
-21
-402
365
70
478
-495
224
335
-344
122
-31
-485
-96
486
-125
63
403
-466
-361
-228
-218
-283
-500
72
-379
-115
-215
371
438
-102
369
-135
-347
-184
-120
208
-407
481
474
-164
336
-445
-160
-475
-59
-489
165
-461
217
-320
-188
247
-105
2
243
55
-264
-400
-292
412
-23
-191
-390
446
401
136
-277
377
-301
-420
-433
32
260
243
289
457
247
486
-140
33
-373
-216
383
329
-460
2
-146
84
-305
-16
158
-16
409
-215
158
-316
22
148
12
387
488
354
226
-259
321
-450
-293
199
404
-130
20
-91
373
468
55
345
-88
-140
-312
-14
289
439
-448
279
369
-294
-92
-498
366
-408
163
-5
92
192
-28
-283
64
187
-38
-241
26
-76
-271
405
496
142
455
-98
35
112
-259
313
178
181
137
-189
367
485
-173
-463
370
-25
270
469
-185
-484
308
-164
176
-436
-95
1
216
-473
-325
260
-397
-390
134
365
323
-166
232
-486
201
-286
-347
451
310
-206
246
170
39
-467
450
168
-387
88
330
74
43
-48
297
-299
137
-142
-92
314
59
491
-12
-349
461
-284
-88
334
-240
305
-91
-251
459
-412
465
-180
-298
105
265
142
-294
102
-229
415
52
124
9
-497
-181
-469
-487
448
240
59
28
-72
299
258
264
206
497
412
-49
-273
-278
167
123
-28
36
-368
137
-116
-498
397
184
169
-25
-383
-465
-140
-144
-321
-24
-426
-240
-30
-455
481
294
60
-10
-441
-471
32
82
287
-491
-252
19
415
-9
322
434
-270
152
-338
-429
-111
-388
-157
230
56
-278
389
207
-98
305
-181
96
117
25
370
443
142
-8
406
-249
434
113
270
-110
285
-110
361
395
-377
-350
76
-263
-198
142
-36
432
-333
195
13
19
-11
284
-265
-196
254
469
-106
92
176
-34
-396
-345
-187
-66
257
-320
-316
345
-43
-64
-381
302
-131
-398
203
-165
-303
368
-281
65
295
-288
-92
209
305
62
467
366
462
228
438
113
-380
-356
469
2
481
-263
221
24
-426
-340
-23
120
413
-162
-97
445
242
174
375
86
338
257
-350
271
-166
-265
-16
-356
-245
20
487
130
30
416
-188
256
-78
-281
235
263
-330
453
-130
65
-151
-344
205
-121
59
-146
366
-231
-254
202
-385
-443
-241
-498
383
453
-226
261
215
-442
-290
369
334
32
33
252
-412
425
404
-296
277
182
-18
90
305
-140
-436
-13
107
-285
-307
273
42
290
-94
-224
-214
67
156
-392
-184
-417
-392
96
221
-313
56
-435
357
355
-466
152
-331
185
-72
200
-428
384
-60
403
248
-424
-499
-475
365
-425
106
492
-337
-6
-336
-331
111
-488
-97
107
22
-372
-82
-147
-223
159
-103
196
-129
-190
-303
205
109
-422
-353
221
-412
161
345
88
-387
-129
-76
192
-114
-340
-307
169
-412
314
92
410
153
-467
272
-260
423
-115
345
451
-131
-7
-455
-238
275
-187
83
-13
-366
192
193
-210
355
-123
-124
-181
175
396
-326
-28
49
72
411
54
124
-339
-394
403
318
283
228
-364
141
429
82
-93
45
309
-406
26
389
-436
-186
-212
-441
460
381
340
-111
331
-487
302
473
-377
331
124
-113
-449
-473
192
122
24
-247
374
16
425
246
-89
445
-188
-67
490
-321
-468
31
-486
-160
-105
265
346
-162
446
14
-493
86
349
65
205
-379
-81
-432
-213
261
321
328
-368
-430
14
-451
-68
376
461
118
29
309
-426
-288
-337
-206
-44
355
-371
-387
343
-423
-284
-473
118
264
293
7
413
133
-106
95
-497
-240
-411
-184
-298
-222
-446
-73
-486
488
-269
230
209
-72
98
19
283
66
-412
383
-249
211
492
-240
-33
-430
-95
440
-364
-367
393
-306
470
-446
-345
-22
-284
-492
182
-76
-356
297
378
489
33
-136
-273
494
-289
-267
-205
-489
206
-52
-438
-142
-398
-192
-33
5
373
130
-388
307
-428
-149
33
414
470
389
242
-314
-230
486
11
-123
-467
437
85
-173
-233
-382
-236
-421
-113
395
-467
-360
361
16
-296
-114
-173
-234
121
137
-3
-428
-405
187
-14
292
475
-160
-184
-75
-10
-275
413
77
-153
-388
32
-226
131
-25
422
-233
-83
378
455
-28
378
-440
-335
34
-358
344
-21
123
-321
230
-15
96
478
-52
52
161
-142
346
399
432
445
-152
-326
219
121
159
-52
-293
-193
-357
-170
-101
40
295
-452
-142
-113
-18
340
201
80
439
-355
377
-97
51
-289
-391
-372
146
-130
-251
132
326
-36
210
472
183
486
-409
-457
450
7
-336
-380
65
345
-417
442
245
343
152
-346
444
-356
-90
260
-382
8
-60
254
482
471
91
77
245
-234
-374
-431
191
286
133
-183
330
398
473
65
-133
-479
438
-276
-155
-375
30
144
118
-346
44
-301
245
-77
-282
-57
95
224
266
-429
-100
-48
269
419
-183
-491
-45
23
-209
135
37
-354
-134
-209
172
-385
-403
-312
494
318
-106
0
-493
306
45
-496
-90
-237
-331
-135
-218
-400
482
-294
-122
431
268
325
90
416
-324
127
-472
-480
122
132
-282
320
-327
351
189
-462
430
-300
188
-146
24
-140
-349
-181
-282
78
-173
-218
139
258
-406
-38
-73
431
-454
-229
339
89
-421
370
463
499
498
288
-370
